K: [572.4114    0.      325.2611    0.      573.57043 242.04899   0.
   0.        1.     ]
gt_R: [-0.06481615  0.99169074 -0.11112309 -0.56190094  0.05575551  0.82532337
  0.82466126  0.11593445  0.5536181 ]
gt_t: [  56.37296616  116.04132924 1016.59654425]
noisy_R: [ 0.63903733  0.65638327 -0.40098914  0.17398866  0.38445669  0.90659859
  0.7492391  -0.64911791  0.13147893]
noisy_t: [  26.39002455  116.62476848 1006.85521302]
